10^3	10^4	10^5	10^6
0.000019	0.000020	0.000046	0.000228	
0.000017	0.000020	0.000042	0.000258	
0.000021	0.000018	0.000045	0.000220	
0.000019	0.000023	0.000044	0.003615	
0.000037	0.000020	0.000041	0.000214	
0.000018	0.000019	0.000046	0.000179	
0.000018	0.000018	0.000044	0.000219	
0.000019	0.000020	0.000054	0.000226	
0.000017	0.000017	0.000041	0.000226	
0.000022	0.000017	0.000039	0.000231	
0.000018	0.000019	0.000045	0.000225	
0.000017	0.000021	0.000048	0.000212	
0.000019	0.000021	0.000043	0.000178	
0.000020	0.000021	0.000045	0.000164	
0.000018	0.000021	0.000044	0.000231	
0.000016	0.000021	0.000046	0.000224	
0.000027	0.000026	0.000034	0.000164	
0.000021	0.000118	0.000041	0.000220	
0.000018	0.000017	0.000041	0.000208	
0.000019	0.000017	0.000040	0.000230	
0.000018	0.000019	0.000032	0.000235	
0.000021	0.000021	0.000036	0.000205	
0.000020	0.000020	0.000073	0.000234	
0.000046	0.000020	0.000043	0.000179	
0.000021	0.000018	0.000144	0.000407	
0.000018	0.000018	0.000049	0.000237	
0.000017	0.000020	0.000043	0.000215	
0.000018	0.000019	0.000037	0.000237	
0.000018	0.000018	0.000046	0.000327	
0.000018	0.000020	0.000041	0.000164	
0.000021	0.000021	0.000043	0.000230	
0.000019	0.000019	0.000048	0.000178	
0.000017	0.000018	0.000039	0.000199	
0.000019	0.000019	0.000039	0.000282	
0.000021	0.000019	0.000048	0.000227	
0.000019	0.000017	0.000041	0.000185	
0.000018	0.000019	0.000044	0.000262	
0.000017	0.000018	0.000043	0.000206	
0.000017	0.000019	0.000047	0.000209	
0.000019	0.000025	0.000044	0.000215	
0.000017	0.000019	0.000048	0.000196	
0.000024	0.000020	0.000041	0.000228	
0.000018	0.000020	0.000042	0.000224	
0.000019	0.000023	0.000046	0.000300	
0.000017	0.000023	0.000041	0.000225	
0.000017	0.000018	0.000039	0.000289	
0.000019	0.000017	0.000036	0.000188	
0.000018	0.000022	0.000048	0.000231	
0.000019	0.000018	0.000048	0.000222	
0.000019	0.000016	0.000053	0.000271	
0.000021	0.000020	0.000043	0.000233	
0.000019	0.000025	0.000052	0.000238	
0.000019	0.000016	0.000046	0.000269	
0.000019	0.000025	0.000046	0.000240	
0.000023	0.000017	0.000043	0.000230	
0.000017	0.000017	0.000044	0.000237	
0.000019	0.000017	0.000048	0.000249	
0.000017	0.000019	0.000044	0.000194	
0.000017	0.000017	0.000040	0.000229	
0.000018	0.000021	0.000039	0.000246	
0.000021	0.000022	0.000041	0.000346	
0.000020	0.000021	0.000041	0.000216	
0.000020	0.000021	0.000049	0.000228	
0.000019	0.000024	0.000049	0.000233	
0.000019	0.000020	0.000045	0.000221	
0.000017	0.000017	0.000040	0.000230	
0.000021	0.000024	0.000044	0.000225	
0.000018	0.000019	0.000041	0.000217	
0.000019	0.000019	0.000043	0.000229	
0.000019	0.000030	0.000063	0.000229	
0.000020	0.000022	0.000041	0.000165	
0.000018	0.000019	0.000036	0.000230	
0.000016	0.000020	0.000038	0.000318	
0.000016	0.000019	0.000050	0.000228	
0.000016	0.000020	0.000060	0.000244	
0.000019	0.000015	0.000048	0.000230	
0.000018	0.000019	0.000041	0.000190	
0.000020	0.000017	0.000053	0.000267	
0.000018	0.000016	0.000038	0.000231	
0.000017	0.000015	0.000049	0.000243	
0.000019	0.000018	0.000053	0.000240	
0.000018	0.000021	0.000047	0.000233	
0.000018	0.000020	0.000049	0.000218	
0.000017	0.000028	0.000038	0.000238	
0.000017	0.000019	0.000046	0.000575	
0.000020	0.000020	0.000044	0.000291	
0.000017	0.000038	0.000039	0.000296	
0.000016	0.000021	0.000147	0.000195	
0.000017	0.000020	0.000053	0.000183	
0.000016	0.000022	0.000036	0.000366	
0.000017	0.000019	0.000041	0.000222	
0.000020	0.000023	0.000091	0.000228	
0.000017	0.000018	0.000035	0.000226	
0.000018	0.000021	0.000037	0.000171	
0.000021	0.000017	0.000036	0.000226	
0.000086	0.000019	0.000181	0.000218	
0.000018	0.000021	0.000044	0.000210	
0.000024	0.000029	0.000079	0.000228	
0.000020	0.000017	0.000038	0.000213	
0.000020	0.000022	0.000036	0.000175	