10³		10⁴		10⁵		10⁶
0.000053	0.000018	0.000040	0.004834	
0.000017	0.000022	0.000037	0.000266	
0.000017	0.000018	0.000045	0.000210	
0.000017	0.000021	0.000038	0.000271	
0.000474	0.000021	0.000048	0.000206	
0.000017	0.000019	0.000750	0.004115	
0.000017	0.000047	0.000053	0.000227	
0.000345	0.000371	0.000051	0.001715	
0.000018	0.000017	0.000816	0.003633	
0.000017	0.000048	0.000043	0.000210	
0.000444	0.000019	0.000754	0.000207	
0.000019	0.000086	0.000525	0.000210	
0.000017	0.000051	0.000034	0.000176	
0.000021	0.000049	0.000066	0.000170	
0.000019	0.000021	0.000714	0.000211	
0.000205	0.000019	0.000036	0.005156	
0.000410	0.000020	0.000051	0.003577	
0.000022	0.000018	0.000043	0.005006	
0.000836	0.000046	0.000039	0.000173	
0.000016	0.000017	0.000039	0.000178	
0.000017	0.000023	0.000036	0.002404	
0.000027	0.000019	0.000041	0.000275	
0.000024	0.000377	0.000040	0.000207	
0.000024	0.000019	0.000051	0.004541	
0.000018	0.000017	0.000580	0.000141	
0.000018	0.000018	0.000055	0.000202	
0.000019	0.000024	0.000730	0.000190	
0.000028	0.000022	0.000045	0.000210	
0.000017	0.000017	0.000049	0.003586	
0.000021	0.000040	0.000643	0.000212	
0.000303	0.000019	0.000642	0.001505	
0.000018	0.000019	0.000125	0.003749	
0.000019	0.000441	0.000039	0.000190	
0.000018	0.000274	0.000712	0.004214	
0.000019	0.000020	0.000039	0.000169	
0.000018	0.000018	0.000284	0.000211	
0.000019	0.000020	0.000041	0.004570	
0.000019	0.000305	0.000705	0.000369	
0.000017	0.000039	0.000045	0.000215	
0.000017	0.000020	0.000040	0.000171	
0.000025	0.000018	0.000034	0.000213	
0.000019	0.000474	0.000261	0.003661	
0.000056	0.000378	0.000039	0.000195	
0.000019	0.000021	0.000054	0.000204	
0.000064	0.000019	0.000511	0.000208	
0.000018	0.000049	0.000641	0.000204	
0.000308	0.000345	0.000037	0.000233	
0.000018	0.000020	0.000043	0.003728	
0.000018	0.000017	0.000041	0.000212	
0.000304	0.000408	0.000039	0.000206	
0.000018	0.000022	0.000039	0.000208	
0.000022	0.000029	0.000039	0.002843	
0.000017	0.000081	0.000042	0.000229	
0.000018	0.000022	0.000064	0.000224	
0.000017	0.000019	0.000118	0.000217	
0.000023	0.000019	0.000036	0.001411	
0.000018	0.000019	0.000649	0.000291	
0.000021	0.000021	0.000577	0.003274	
0.000027	0.000021	0.000056	0.000256	
0.000038	0.000020	0.000101	0.000975	
0.000018	0.000051	0.000041	0.000213	
0.000019	0.000019	0.000044	0.000267	
0.000018	0.000017	0.000046	0.000298	
0.000019	0.000056	0.000412	0.000194	
0.000028	0.000019	0.000072	0.000278	
0.000027	0.000031	0.000049	0.000214	
0.000017	0.000021	0.000044	0.000199	
0.000026	0.000020	0.000034	0.000230	
0.000025	0.000021	0.000680	0.000237	
0.000019	0.000022	0.000044	0.000222	
0.000019	0.000021	0.000037	0.003194	
0.000032	0.000024	0.000171	0.000287	
0.000030	0.000019	0.000045	0.000193	
0.000018	0.000023	0.000043	0.000218	
0.000023	0.000412	0.000288	0.000187	
0.000018	0.000020	0.000392	0.000215	
0.000019	0.000376	0.000033	0.000199	
0.000018	0.000018	0.000036	0.004331	
0.000018	0.000018	0.000039	0.000169	
0.000018	0.000020	0.000714	0.000198	
0.000020	0.000029	0.000389	0.000172	
0.000029	0.000016	0.000426	0.000181	
0.000019	0.000020	0.000676	0.003128	
0.000039	0.000019	0.000895	0.004334	
0.000023	0.000019	0.000039	0.000193	
0.000019	0.000019	0.000038	0.000161	
0.000018	0.000020	0.000040	0.000224	
0.000022	0.000020	0.000121	0.003850	
0.000013	0.000324	0.000711	0.000227	
0.000019	0.000018	0.000041	0.000218	
0.000017	0.000020	0.000041	0.000199	
0.000017	0.000021	0.000044	0.000167	
0.000018	0.000021	0.000039	0.001437	
0.000018	0.000018	0.000066	0.000158	
0.000018	0.000407	0.000713	0.000272	
0.000017	0.000023	0.000050	0.000221	
0.000235	0.000017	0.000257	0.000212	
0.000022	0.000017	0.000101	0.000215	
0.000022	0.000021	0.000358	0.000224	
0.000018	0.000021	0.000293	0.000205	
