10³		10⁴		10⁵		10⁶
0.000019	0.000017	0.000841	0.000217	
0.000025	0.000271	0.000103	0.002877	
0.000273	0.000017	0.000043	0.000195	
0.000025	0.000024	0.000318	0.000171	
0.000019	0.000017	0.000039	0.000163	
0.000019	0.000020	0.000037	0.000212	
0.000409	0.000021	0.000041	0.000407	
0.000204	0.000018	0.000039	0.000166	
0.000018	0.000020	0.000044	0.000168	
0.000018	0.000021	0.000041	0.000208	
0.000019	0.000018	0.000042	0.000159	
0.000017	0.000444	0.000039	0.000199	
0.000015	0.000019	0.000706	0.000204	
0.000022	0.000239	0.000067	0.000197	
0.000028	0.000646	0.000032	0.000217	
0.000021	0.000018	0.000041	0.000193	
0.000410	0.000021	0.000034	0.000163	
0.000340	0.000019	0.000041	0.003784	
0.000016	0.000019	0.000349	0.003504	
0.000018	0.000020	0.000056	0.005528	
0.000029	0.000387	0.000053	0.000296	
0.000021	0.000036	0.000041	0.000288	
0.000033	0.000411	0.000039	0.000181	
0.001041	0.000049	0.000079	0.003357	
0.000039	0.000203	0.000043	0.001102	
0.000017	0.000019	0.000043	0.000183	
0.000028	0.000019	0.000044	0.000195	
0.001626	0.000172	0.000039	0.000193	
0.000019	0.000019	0.000046	0.004435	
0.000018	0.000111	0.000053	0.000159	
0.000029	0.000016	0.000043	0.000188	
0.000021	0.000023	0.000041	0.005804	
0.000024	0.000015	0.000055	0.000291	
0.000019	0.000019	0.000041	0.000199	
0.000017	0.000038	0.000039	0.003680	
0.000027	0.000021	0.000114	0.000236	
0.000017	0.000019	0.000041	0.000202	
0.000024	0.000019	0.000044	0.003578	
0.000022	0.000020	0.000851	0.000213	
0.000020	0.000019	0.000067	0.000192	
0.000385	0.000017	0.000044	0.000163	
0.000038	0.000021	0.000064	0.000172	
0.000915	0.000271	0.000782	0.000264	
0.000022	0.000023	0.000039	0.000172	
0.000019	0.000019	0.000046	0.000209	
0.000025	0.000018	0.000036	0.000216	
0.000023	0.000588	0.000975	0.005219	
0.000021	0.000019	0.000063	0.004864	
0.000019	0.000018	0.000751	0.000199	
0.000017	0.000017	0.000043	0.000215	
0.000018	0.000018	0.000041	0.000226	
0.000027	0.000036	0.000037	0.005504	
0.000018	0.000019	0.000038	0.000168	
0.000018	0.000019	0.000040	0.000212	
0.000018	0.000021	0.000040	0.000167	
0.000018	0.000445	0.000841	0.001030	
0.000017	0.000020	0.000779	0.001299	
0.000024	0.000017	0.000527	0.000244	
0.000018	0.000286	0.000042	0.000168	
0.000023	0.000019	0.000043	0.004797	
0.000034	0.000019	0.000038	0.000309	
0.000023	0.000242	0.000043	0.000173	
0.000017	0.000036	0.000043	0.000150	
0.000032	0.000026	0.000056	0.000144	
0.000034	0.000019	0.000036	0.000167	
0.000018	0.000206	0.000046	0.000179	
0.000019	0.000237	0.000039	0.000329	
0.000028	0.000026	0.000043	0.000157	
0.000017	0.000021	0.000063	0.000224	
0.000022	0.000017	0.000715	0.000222	
0.000024	0.000379	0.000038	0.000174	
0.000021	0.000021	0.000044	0.000291	
0.000018	0.000021	0.000040	0.000180	
0.000020	0.000016	0.000041	0.000463	
0.000017	0.000029	0.000044	0.000253	
0.000018	0.000026	0.000039	0.000322	
0.000024	0.000021	0.000038	0.000166	
0.000019	0.000444	0.000050	0.000331	
0.000017	0.000021	0.000043	0.000196	
0.000032	0.000019	0.000043	0.000145	
0.000025	0.000020	0.000043	0.000177	
0.000020	0.000017	0.000041	0.000278	
0.000017	0.000019	0.000084	0.000545	
0.000078	0.000018	0.000040	0.000273	
0.000017	0.000017	0.000102	0.000227	
0.000018	0.000019	0.000056	0.000289	
0.000024	0.000018	0.000065	0.000166	
0.000023	0.000018	0.000886	0.000208	
0.000019	0.000019	0.000988	0.000170	
0.000018	0.000019	0.000051	0.000162	
0.000021	0.000019	0.000041	0.004024	
0.000092	0.000271	0.000041	0.000179	
0.000485	0.000021	0.000186	0.000161	
0.000016	0.000443	0.000051	0.002445	
0.000032	0.000022	0.000039	0.000170	
0.000017	0.000019	0.000058	0.000166	
0.000043	0.000022	0.000045	0.000258	
0.000018	0.000022	0.000045	0.000249	
0.000021	0.000021	0.000046	0.000211	
0.000021	0.000021	0.000073	0.000203	
