10³		10⁴		10⁵		10⁶
0.000020	0.000018	0.000041	0.000218	
0.000018	0.000018	0.000041	0.004054	
0.000021	0.000023	0.000043	0.000249	
0.000017	0.000020	0.000043	0.000218	
0.000205	0.000020	0.000048	0.002919	
0.000021	0.000022	0.000042	0.003502	
0.000024	0.000021	0.000283	0.000237	
0.000016	0.000019	0.000060	0.000215	
0.000018	0.000023	0.000684	0.000235	
0.000014	0.000017	0.000041	0.000210	
0.000030	0.000021	0.000594	0.003647	
0.000017	0.000020	0.000036	0.000212	
0.000020	0.000271	0.000040	0.005195	
0.000378	0.000049	0.000084	0.000342	
0.000041	0.000051	0.000043	0.000233	
0.000038	0.000049	0.000045	0.000215	
0.000239	0.000347	0.000056	0.000162	
0.000018	0.000030	0.000039	0.000223	
0.000013	0.000063	0.000034	0.000291	
0.000024	0.000020	0.000038	0.000216	
0.000018	0.000447	0.000066	0.000219	
0.000048	0.000024	0.000063	0.004927	
0.000017	0.000025	0.000047	0.000197	
0.000019	0.000379	0.000059	0.000213	
0.000025	0.000021	0.000041	0.000199	
0.000020	0.000016	0.000041	0.002100	
0.000017	0.000021	0.000041	0.000334	
0.000015	0.000018	0.000041	0.000178	
0.000027	0.000378	0.000041	0.000316	
0.000027	0.000018	0.000354	0.000170	
0.000021	0.000018	0.000041	0.000191	
0.000018	0.000019	0.000718	0.000163	
0.000089	0.000019	0.000044	0.000208	
0.000027	0.000017	0.000688	0.000193	
0.000016	0.000051	0.000082	0.000214	
0.000024	0.000018	0.000041	0.000212	
0.000018	0.000312	0.000066	0.000171	
0.000032	0.000444	0.000351	0.004612	
0.000018	0.000056	0.000313	0.000240	
0.000030	0.000019	0.000039	0.000224	
0.000017	0.000019	0.000616	0.000204	
0.000017	0.000024	0.000043	0.000209	
0.000022	0.000019	0.000046	0.000296	
0.000017	0.000020	0.000072	0.000176	
0.000022	0.000018	0.000852	0.000211	
0.000036	0.000021	0.000036	0.000171	
0.000017	0.000021	0.000043	0.003915	
0.000016	0.000087	0.000046	0.000219	
0.000026	0.000017	0.000042	0.000213	
0.000019	0.000017	0.000037	0.000210	
0.000018	0.000019	0.000047	0.005285	
0.000019	0.000018	0.000044	0.000260	
0.000043	0.000444	0.000040	0.000207	
0.000019	0.000020	0.000291	0.000174	
0.000025	0.000024	0.000055	0.000219	
0.000019	0.000019	0.000074	0.003544	
0.000025	0.000048	0.000041	0.000197	
0.000019	0.000016	0.000039	0.000291	
0.000017	0.000021	0.000100	0.003351	
0.000017	0.000018	0.000044	0.005069	
0.000017	0.000303	0.000044	0.000214	
0.000017	0.000016	0.000048	0.000222	
0.000173	0.000018	0.000051	0.004611	
0.000019	0.000019	0.000061	0.000200	
0.000017	0.000478	0.000639	0.000210	
0.000017	0.000024	0.000042	0.000209	
0.000032	0.000378	0.000037	0.000211	
0.000025	0.000477	0.000038	0.000209	
0.000023	0.000346	0.000223	0.000210	
0.000015	0.000270	0.000039	0.005281	
0.000024	0.000019	0.000044	0.000204	
0.000018	0.000048	0.000067	0.000237	
0.000025	0.000017	0.000041	0.004757	
0.000173	0.000017	0.000036	0.002991	
0.000414	0.000205	0.000039	0.003265	
0.000048	0.000019	0.000682	0.003366	
0.000018	0.000338	0.000880	0.000212	
0.000021	0.000021	0.000812	0.000185	
0.000019	0.000020	0.000047	0.000204	
0.000019	0.000020	0.000043	0.005360	
0.000017	0.000018	0.000672	0.000187	
0.000017	0.000018	0.000043	0.000195	
0.000018	0.000022	0.000041	0.000215	
0.000443	0.000018	0.000068	0.002432	
0.000017	0.000020	0.000043	0.004126	
0.000018	0.000178	0.000817	0.000223	
0.000023	0.000019	0.000042	0.000211	
0.000019	0.000019	0.000194	0.000201	
0.000307	0.000016	0.000036	0.000168	
0.000016	0.000018	0.000049	0.000142	
0.000020	0.000028	0.000784	0.004154	
0.000020	0.000017	0.000849	0.000220	
0.000018	0.000412	0.000039	0.000208	
0.000026	0.000444	0.000042	0.000210	
0.000017	0.000016	0.000064	0.004084	
0.000019	0.000019	0.000179	0.000179	
0.000018	0.000022	0.000039	0.000216	
0.000016	0.000307	0.000044	0.000148	
0.000021	0.000018	0.000039	0.000221	
0.000019	0.000051	0.000748	0.000237	
